cursor: LFMvJzF_SFMDNjH9PERCPaWzLpc_DFhuVgjiLhBFj4On8CDCjJr1AmV9aRqEmP2hjxTrGFyl2tqeRnp_oJFZu4Lty7thv3U8Til-x4vr_LbtK_v1bwJNcblqXuLaMInRWT3UYQ3-c7EK6d3lbPHZMhA1NM9wLWPgjW1XpIdXcaYTvXtjyj76ep7QgfmT9YFBrbFzQOOpwCLwA2F_fkhabsyFM6ebvTV2Yw==
block:
    id: 8a0b7a7c24817d8dab10c6945cb44ba97c7835bd48bbd25722c87f8f02818dba
    number: 21337414
started_at: 2024-12-05T11:36:44.494566-05:00
restarted_at: 2024-12-05T11:50:09.643277-05:00
last_synced_at: 2024-12-05T11:51:07.3128-05:00
backprocessing_completed_at: 2024-12-05T11:37:14.494628-05:00
backprocessing_duration: 30.000062s
